0 149 0
150 299 0
300 449 0
450 599 0
600 749 0
750 899 0
900 1049 0
1050 1199 0
1200 1349 0
1350 1499 0
1500 1649 0
1650 1799 0
1800 1949 0
1950 2099 0
2100 2249 0
2250 2399 0
2400 2549 0
2550 2699 0
2700 2849 0
2850 2999 0
3000 3149 0
3150 3299 0
3300 3449 0
3450 3599 0
3600 3749 0
3750 3899 0
3900 4049 0
4050 4199 0
4200 4349 0
4350 4499 0
4500 4649 0
4650 4799 0
4800 4949 0
4950 5099 0
5100 5249 0
5250 5399 0
5400 5549 0
5550 5699 0
5700 5849 0
5850 5999 0
6000 6149 0
6150 6299 0
6300 6449 0
6450 6599 0
6600 6749 0
6750 6899 0
6900 7049 0
7050 7199 0
7200 7349 0
7350 7499 0
7500 7649 0
7650 7799 0
7800 7949 0
7950 8099 0
8100 8249 0
8250 8399 0
8400 8549 0
8550 8699 0
8700 8849 0
8850 8999 0
9000 9149 0
9150 9299 0
9300 9449 0
9450 9599 0
9600 9749 0
9750 9899 0
9900 10049 0
10050 10199 0
10200 10349 0
10350 10499 0
10500 10649 0
10650 10799 0
10800 10949 0
10950 11099 0
11100 11249 0
11250 11399 0
11400 11549 0
11550 11699 0
11700 11849 0
11850 11999 0
12000 12149 0
12150 12299 0
12300 12449 0
12450 12599 0
12600 12749 0
12750 12899 0
12900 13049 0
13050 13199 0
13200 13349 0
13350 13499 0
13500 13649 0
13650 13799 0
13800 13949 0
13950 14099 0
14100 14249 0
14250 14399 0
14400 14549 0
14550 14699 0
14700 14849 0
14850 14999 0
15000 15149 0
15150 15299 0
15300 15449 0
15450 15599 0
15600 15749 0
15750 15899 0
15900 16049 0
16050 16199 0
16200 16349 0
16350 16499 0
16500 16649 0
16650 16799 0
16800 16949 0
16950 17099 0
17100 17249 0
17250 17399 0
17400 17549 0
17550 17699 0
17700 17849 0
17850 17999 0
18000 18149 0
18150 18299 0
18300 18449 0
18450 18599 0
18600 18749 0
18750 18899 0
18900 19049 0
19050 19199 0
19200 19349 0
19350 19499 0
19500 19649 0
19650 19799 0
19800 19949 0
19950 20099 0
20100 20249 0
20250 20399 0
20400 20549 0
20550 20699 0
20700 20849 0
20850 20999 0
21000 21149 0
21150 21299 0
21300 21449 0
21450 21599 0
21600 21749 0
21750 21899 0
21900 22049 0
22050 22199 0
22200 22349 0
22350 22499 0
22500 22649 0
22650 22799 0
22800 22949 0
22950 23099 0
23100 23249 0
23250 23399 0
23400 23549 0
23550 23699 0
23700 23849 0
23850 23999 0
24000 24149 0
24150 24299 0
24300 24449 0
24450 24599 0
24600 24749 0
24750 24899 0
24900 25049 0
25050 25199 0
25200 25349 0
25350 25499 0
25500 25649 0
25650 25799 0
25800 25949 0
25950 26099 0
26100 26249 0
26250 26399 0
26400 26549 0
26550 26699 0
26700 26849 0
26850 26999 0
27000 27149 0
27150 27299 0
27300 27449 0
27450 27599 0
27600 27749 0
27750 27899 0
27900 28049 0
28050 28199 0
28200 28349 0
28350 28499 0
28500 28649 0
28650 28799 0
28800 28949 0
28950 29099 0
29100 29249 0
29250 29399 0
29400 29549 0
29550 29699 0
29700 29849 0
29850 29999 0
30000 30149 0
30150 30299 0
30300 30449 0
30450 30599 0
30600 30749 0
30750 30899 0
30900 31049 0
31050 31199 0
31200 31349 0
31350 31499 0
31500 31649 0
31650 31799 0
31800 31949 0
31950 32099 0
32100 32249 0
32250 32399 0
32400 32549 0
32550 32699 0
32700 32849 0
32850 32999 0
33000 33149 0
33150 33299 0
33300 33449 0
33450 33599 0
33600 33749 0
33750 33899 0
33900 34049 0
34050 34199 0
34200 34349 0
34350 34499 0
34500 34649 0
34650 34799 0
34800 34949 0
34950 35099 0
35100 35249 0
35250 35399 0
35400 35549 0
35550 35699 0
35700 35849 0
35850 35999 0
36000 36149 0
36150 36299 0
36300 36449 0
36450 36599 0
